1772205327577 0.51047 0
1772205349303 0.62755 1
1772205370781 0.59082 2
1772205392480 0.70073 3
1772205413955 0.73556 4
1772205437826 0.75502 5
1772205466339 0.7709 6
1772205491693 0.79582 7
1772205518415 0.80413 8
1772205543425 0.83441 9
1772205569106 0.81515 10
1772205595132 0.83248 11
1772205621540 0.84708 12
1772205645981 0.83248 13
1772205672642 0.84138 14
1772205698697 0.84946 15
1772205724150 0.85558 16
1772205750204 0.87877 17
1772205775764 0.85295 18
1772205801256 0.8757 19
1772205827115 0.85123 20
1772205852417 0.86312 21
1772205878214 0.873 22
1772205903710 0.869 23
1772205930483 0.85891 24
1772205955915 0.89079 25
1772205981529 0.88517 26
1772206008336 0.88114 27
1772206034994 0.91952 28
1772206062055 0.90183 29
1772206089316 0.91605 30
1772206116990 0.91721 31
1772206143366 0.89134 32
1772206169569 0.91523 33
1772206195164 0.91619 34
1772206221423 0.93911 35
1772206247835 0.90806 36
1772206273806 0.92058 37
1772206299817 0.92775 38
1772206326320 0.94029 39
1772206371148 0.92203 40
1772206396971 0.93014 41
1772206421922 0.93301 42
1772206446455 0.93824 43
1772206472502 0.94455 44
1772206497612 0.94607 45
1772206522520 0.94603 46
1772206548127 0.94907 47
1772206573468 0.94295 48
1772206598397 0.95525 49
1772206602008 0.9552344607863651 49
