1772205327577 0.84479 0
1772205349303 0.92675 1
1772205370781 0.98084 2
1772205392480 0.96355 3
1772205413955 0.98847 4
1772205437826 0.97207 5
1772205466339 0.97935 6
1772205491693 0.98097 7
1772205518415 0.9897 8
1772205543425 0.99122 9
1772205569106 0.98952 10
1772205595132 0.99203 11
1772205621540 0.99249 12
1772205645981 0.99174 13
1772205672642 0.98897 14
1772205698697 0.99082 15
1772205724150 0.99176 16
1772205750204 0.99327 17
1772205775764 0.99195 18
1772205801256 0.99118 19
1772205827115 0.99029 20
1772205852417 0.99432 21
1772205878214 0.99376 22
1772205903710 0.9946 23
1772205930483 0.99368 24
1772205955915 0.99407 25
1772205981529 0.99422 26
1772206008336 0.99372 27
1772206034994 0.99422 28
1772206062055 0.99336 29
1772206089316 0.99477 30
1772206116990 0.9942 31
1772206143366 0.99452 32
1772206169569 0.99472 33
1772206195164 0.99423 34
1772206221423 0.99475 35
1772206247835 0.9948 36
1772206273806 0.99485 37
1772206299817 0.99475 38
1772206326320 0.99477 39
1772206371148 0.99409 40
1772206396971 0.99485 41
1772206421922 0.99482 42
1772206446455 0.99492 43
1772206472502 0.99485 44
1772206497612 0.99492 45
1772206522520 0.99497 46
1772206548127 0.99487 47
1772206573468 0.9949 48
1772206598397 0.99485 49
1772206602008 0.9948479622812116 49
