1772205327577 0.7559 0
1772205349303 0.81702 1
1772205370781 0.95522 2
1772205392480 0.86124 3
1772205413955 0.9632 4
1772205437826 0.90657 5
1772205466339 0.92744 6
1772205491693 0.9345 7
1772205518415 0.94492 8
1772205543425 0.95241 9
1772205569106 0.95911 10
1772205595132 0.96136 11
1772205621540 0.98237 12
1772205645981 0.97612 13
1772205672642 0.97794 14
1772205698697 0.9696 15
1772205724150 0.96427 16
1772205750204 0.97951 17
1772205775764 0.96982 18
1772205801256 0.96625 19
1772205827115 0.96093 20
1772205852417 0.98724 21
1772205878214 0.97139 22
1772205903710 0.99264 23
1772205930483 0.97008 24
1772205955915 0.98488 25
1772205981529 0.97992 26
1772206008336 0.9822 27
1772206034994 0.97898 28
1772206062055 0.98458 29
1772206089316 0.98942 30
1772206116990 0.98509 31
1772206143366 0.98242 32
1772206169569 0.98739 33
1772206195164 0.98896 34
1772206221423 0.99057 35
1772206247835 0.99484 36
1772206273806 0.98645 37
1772206299817 0.99242 38
1772206326320 0.99196 39
1772206371148 0.98489 40
1772206396971 0.99458 41
1772206421922 0.98667 42
1772206446455 0.99466 43
1772206472502 0.98747 44
1772206497612 0.99492 45
1772206522520 0.99659 46
1772206548127 0.98693 47
1772206573468 0.99195 48
1772206598397 0.9872 49
1772206602008 0.9871518957690267 49
