1772205327577 0.77613 0
1772205349303 0.89367 1
1772205370781 0.94937 2
1772205392480 0.92911 3
1772205413955 0.9443 4
1772205437826 0.93165 5
1772205466339 0.94177 6
1772205491693 0.93165 7
1772205518415 0.95543 8
1772205543425 0.97975 9
1772205569106 0.95023 10
1772205595132 0.98481 11
1772205621540 0.96456 12
1772205645981 0.98734 13
1772205672642 0.96962 14
1772205698697 0.96881 15
1772205724150 0.96962 16
1772205750204 0.98481 17
1772205775764 0.97636 18
1772205801256 0.98481 19
1772205827115 0.96709 20
1772205852417 0.97927 21
1772205878214 0.98987 22
1772205903710 0.98734 23
1772205930483 0.98486 24
1772205955915 0.98958 25
1772205981529 0.9883 26
1772206008336 0.97795 27
1772206034994 0.98987 28
1772206062055 0.96982 29
1772206089316 0.98987 30
1772206116990 0.99241 31
1772206143366 0.99053 32
1772206169569 0.99115 33
1772206195164 0.98228 34
1772206221423 0.98987 35
1772206247835 0.98481 36
1772206273806 0.99747 37
1772206299817 0.98734 38
1772206326320 0.98987 39
1772206371148 0.99015 40
1772206396971 0.98734 41
1772206421922 0.99241 42
1772206446455 0.99494 43
1772206472502 0.99745 44
1772206497612 0.99161 45
1772206522520 0.99241 46
1772206548127 0.99747 47
1772206573468 0.99241 48
1772206598397 0.99747 49
1772206602008 0.9974683544303797 49
