1772201444518 0.0006653333333333334 0
1772201480534 0.0013056264 1
1772201516541 0.0019195194666666666 2
1772201550419 0.0018812 3
1772201588953 0.0018416 4
1772201631549 0.001802 5
1772201670641 0.0017624 6
1772201704614 0.0017228 7
1772201738725 0.0016832000000000001 8
1772201772634 0.0016436000000000003 9
1772201808186 0.0016040000000000002 10
1772201843005 0.0015644 11
1772201877234 0.0015248 12
1772201910890 0.0014852 13
1772201945086 0.0014456 14
1772201978771 0.001406 15
1772202012520 0.0013663999999999998 16
1772202047420 0.0013267999999999997 17
1772202081925 0.0012872 18
1772202116006 0.0012476 19
1772202150969 0.001208 20
1772202185662 0.0011684000000000002 21
1772202219595 0.0011288000000000001 22
1772202254457 0.0010892000000000002 23
1772202288647 0.0010496000000000001 24
1772202322843 0.00101 25
1772202355882 0.0009704 26
1772202390796 0.0009308 27
1772202425250 0.0008911999999999999 28
1772202457868 0.0008516000000000001 29
1772202490540 0.0008120000000000001 30
1772202523273 0.0007724 31
1772202555858 0.0007328 32
1772202588353 0.0006931999999999999 33
1772202620942 0.0006536 34
1772202653494 0.0006140000000000001 35
1772202686126 0.0005744000000000001 36
1772202720989 0.0005348000000000001 37
1772202753243 0.0004952 38
1772202783926 0.00045559999999999996 39
1772202828038 0.0004159999999999999 40
1772202858276 0.00037640000000000015 41
1772202888450 0.0003368000000000001 42
1772202918729 0.0002972 43
1772202948773 0.00025760000000000003 44
1772202978675 0.00021799999999999996 45
1772203008806 0.00017839999999999992 46
1772203038857 0.0001388000000000001 47
1772203069177 9.920000000000008e-05 48
1772203099141 5.9600000000000046e-05 49
