1772205302485 1.57879 0
1772205347466 1.26908 1
1772205368982 1.19417 2
1772205390677 1.15975 3
1772205412078 1.01679 4
1772205435782 0.9243 5
1772205463677 0.91136 6
1772205489656 0.88132 7
1772205515827 0.81504 8
1772205541383 0.74853 9
1772205567050 0.77809 10
1772205592972 0.79041 11
1772205619547 0.70926 12
1772205644041 0.6847 13
1772205670618 0.70141 14
1772205696634 0.67084 15
1772205722142 0.6602 16
1772205748115 0.62087 17
1772205773672 0.63223 18
1772205799158 0.59497 19
1772205825010 0.62778 20
1772205850381 0.61468 21
1772205876156 0.62639 22
1772205901524 0.60629 23
1772205928363 0.60251 24
1772205953891 0.57684 25
1772205979401 0.55459 26
1772206006194 0.5589 27
1772206032823 0.51258 28
1772206059909 0.53672 29
1772206087082 0.54128 30
1772206114805 0.50969 31
1772206141247 0.55 32
1772206167491 0.51866 33
1772206193051 0.49483 34
1772206219339 0.47415 35
1772206245565 0.47814 36
1772206271701 0.48032 37
1772206297732 0.47093 38
1772206324183 0.459 39
1772206369029 0.48763 40
1772206394869 0.46931 41
1772206419879 0.45595 42
1772206444387 0.43333 43
1772206470368 0.42202 44
1772206495525 0.42093 45
1772206520457 0.40551 46
1772206546027 0.40125 47
1772206571325 0.38081 48
1772206596301 0.38177 49
