1772205302485 2.61783 0
1772205347466 1.58613 1
1772205368982 1.2791 2
1772205390677 1.14546 3
1772205412078 0.9891 4
1772205435782 0.90224 5
1772205463677 0.84295 6
1772205489656 0.77803 7
1772205515827 0.71734 8
1772205541383 0.65856 9
1772205567050 0.65535 10
1772205592972 0.65215 11
1772205619547 0.61686 12
1772205644041 0.59014 13
1772205670618 0.59289 14
1772205696634 0.58778 15
1772205722142 0.57756 16
1772205748115 0.54105 17
1772205773672 0.53733 18
1772205799158 0.51192 19
1772205825010 0.54019 20
1772205850381 0.52634 21
1772205876156 0.52408 22
1772205901524 0.50867 23
1772205928363 0.50138 24
1772205953891 0.49379 25
1772205979401 0.47923 26
1772206006194 0.47248 27
1772206032823 0.44852 28
1772206059909 0.46118 29
1772206087082 0.45394 30
1772206114805 0.4406 31
1772206141247 0.4481 32
1772206167491 0.43885 33
1772206193051 0.41977 34
1772206219339 0.41745 35
1772206245565 0.42476 36
1772206271701 0.41708 37
1772206297732 0.41187 38
1772206324183 0.40931 39
1772206369029 0.41344 40
1772206394869 0.40891 41
1772206419879 0.39246 42
1772206444387 0.37608 43
1772206470368 0.36874 44
1772206495525 0.36302 45
1772206520457 0.35446 46
1772206546027 0.35414 47
1772206571325 0.34556 48
1772206596301 0.34401 49
