1772205302485 1.17893 0
1772205347466 1.07474 1
1772205368982 1.02668 2
1772205390677 1.01284 3
1772205412078 0.98312 4
1772205435782 0.95003 5
1772205463677 0.94221 6
1772205489656 0.93023 7
1772205515827 0.91766 8
1772205541383 0.89587 9
1772205567050 0.89947 10
1772205592972 0.90227 11
1772205619547 0.89138 12
1772205644041 0.87904 13
1772205670618 0.87134 14
1772205696634 0.86605 15
1772205722142 0.86559 16
1772205748115 0.85826 17
1772205773672 0.85912 18
1772205799158 0.86337 19
1772205825010 0.86155 20
1772205850381 0.85648 21
1772205876156 0.85766 22
1772205901524 0.85179 23
1772205928363 0.85187 24
1772205953891 0.84606 25
1772205979401 0.8515 26
1772206006194 0.84275 27
1772206032823 0.84171 28
1772206059909 0.84543 29
1772206087082 0.83979 30
1772206114805 0.84174 31
1772206141247 0.83507 32
1772206167491 0.83275 33
1772206193051 0.83872 34
1772206219339 0.83454 35
1772206245565 0.83544 36
1772206271701 0.837 37
1772206297732 0.82635 38
1772206324183 0.82817 39
1772206369029 0.80371 40
1772206394869 0.81209 41
1772206419879 0.81228 42
1772206444387 0.80753 43
1772206470368 0.7988 44
1772206495525 0.8005 45
1772206520457 0.80829 46
1772206546027 0.79392 47
1772206571325 0.7925 48
1772206596301 0.79321 49
