1772201454189 0.91957 0
1772201489640 0.9946 1
1772201524932 0.9875 2
1772201558872 0.995 3
1772201599859 0.99402 4
1772201641099 0.995 5
1772201678252 0.995 6
1772201712853 0.995 7
1772201746943 0.995 8
1772201781434 0.995 9
1772201816456 0.995 10
1772201851313 0.995 11
1772201885242 0.995 12
1772201919126 0.995 13
1772201953101 0.995 14
1772201986789 0.995 15
1772202021211 0.995 16
1772202055495 0.995 17
1772202090443 0.995 18
1772202124048 0.995 19
1772202159340 0.995 20
1772202193872 0.995 21
1772202227639 0.995 22
1772202262635 0.995 23
1772202296606 0.995 24
1772202330713 0.995 25
1772202363804 0.995 26
1772202399049 0.995 27
1772202432969 0.995 28
1772202465640 0.995 29
1772202498310 0.995 30
1772202531066 0.995 31
1772202563632 0.995 32
1772202596082 0.995 33
1772202628657 0.995 34
1772202661211 0.995 35
1772202694464 0.995 36
1772202729259 0.995 37
1772202760628 0.995 38
1772202791127 0.995 39
1772202835314 0.995 40
1772202865527 0.995 41
1772202895729 0.995 42
1772202925972 0.995 43
1772202955986 0.995 44
1772202986085 0.995 45
1772203015951 0.995 46
1772203046268 0.995 47
1772203076326 0.995 48
1772203106350 0.995 49
1772203112858 0.995 49
