1772201454189 0.61008 0
1772201489640 0.72919 1
1772201524932 0.71396 2
1772201558872 0.77932 3
1772201599859 0.78897 4
1772201641099 0.82928 5
1772201678252 0.88697 6
1772201712853 0.87103 7
1772201746943 0.88332 8
1772201781434 0.883 9
1772201816456 0.91265 10
1772201851313 0.93441 11
1772201885242 0.8978 12
1772201919126 0.87353 13
1772201953101 0.933 14
1772201986789 0.92822 15
1772202021211 0.92474 16
1772202055495 0.8965 17
1772202090443 0.95327 18
1772202124048 0.90701 19
1772202159340 0.98211 20
1772202193872 0.94005 21
1772202227639 0.95199 22
1772202262635 0.98602 23
1772202296606 0.97678 24
1772202330713 0.93899 25
1772202363804 0.98941 26
1772202399049 0.97377 27
1772202432969 0.99116 28
1772202465640 0.98633 29
1772202498310 0.96207 30
1772202531066 0.98831 31
1772202563632 0.98777 32
1772202596082 0.97922 33
1772202628657 0.97606 34
1772202661211 0.97923 35
1772202694464 0.99218 36
1772202729259 0.99384 37
1772202760628 0.99447 38
1772202791127 0.99452 39
1772202835314 0.99491 40
1772202865527 0.99255 41
1772202895729 0.99473 42
1772202925972 0.9934 43
1772202955986 0.99497 44
1772202986085 0.99478 45
1772203015951 0.99482 46
1772203046268 0.99495 47
1772203076326 0.99478 48
1772203106350 0.99476 49
1772203112858 0.9949714091384761 49
