1772201454189 0.79763 0
1772201489640 0.98618 1
1772201524932 0.95346 2
1772201558872 0.99963 3
1772201599859 0.9968 4
1772201641099 0.99877 5
1772201678252 0.99284 6
1772201712853 0.99985 7
1772201746943 0.99984 8
1772201781434 0.99984 9
1772201816456 0.99992 10
1772201851313 0.99993 11
1772201885242 1.0 12
1772201919126 0.99981 13
1772201953101 0.99993 14
1772201986789 0.99984 15
1772202021211 0.99997 16
1772202055495 0.99993 17
1772202090443 0.99993 18
1772202124048 0.99993 19
1772202159340 0.99989 20
1772202193872 0.99994 21
1772202227639 0.99994 22
1772202262635 0.99994 23
1772202296606 1.0 24
1772202330713 0.99994 25
1772202363804 0.99995 26
1772202399049 0.99995 27
1772202432969 0.99994 28
1772202465640 0.99993 29
1772202498310 0.99994 30
1772202531066 0.99994 31
1772202563632 0.99989 32
1772202596082 0.99994 33
1772202628657 0.99994 34
1772202661211 0.99994 35
1772202694464 0.99995 36
1772202729259 0.99994 37
1772202760628 0.99991 38
1772202791127 0.99994 39
1772202835314 0.99994 40
1772202865527 0.99994 41
1772202895729 0.99994 42
1772202925972 0.99995 43
1772202955986 0.99994 44
1772202986085 0.99994 45
1772203015951 0.99994 46
1772203046268 0.99995 47
1772203076326 0.99995 48
1772203106350 0.99995 49
1772203112858 0.9999442233804849 49
