1772201454189 0.96 0
1772201489640 0.99884 1
1772201524932 0.98336 2
1772201558872 1.0 3
1772201599859 1.0 4
1772201641099 1.0 5
1772201678252 1.0 6
1772201712853 1.0 7
1772201746943 1.0 8
1772201781434 1.0 9
1772201816456 1.0 10
1772201851313 1.0 11
1772201885242 0.99958 12
1772201919126 1.0 13
1772201953101 1.0 14
1772201986789 1.0 15
1772202021211 1.0 16
1772202055495 1.0 17
1772202090443 1.0 18
1772202124048 1.0 19
1772202159340 1.0 20
1772202193872 1.0 21
1772202227639 1.0 22
1772202262635 1.0 23
1772202296606 0.99986 24
1772202330713 1.0 25
1772202363804 1.0 26
1772202399049 1.0 27
1772202432969 1.0 28
1772202465640 1.0 29
1772202498310 1.0 30
1772202531066 1.0 31
1772202563632 1.0 32
1772202596082 1.0 33
1772202628657 1.0 34
1772202661211 1.0 35
1772202694464 1.0 36
1772202729259 1.0 37
1772202760628 1.0 38
1772202791127 1.0 39
1772202835314 1.0 40
1772202865527 1.0 41
1772202895729 1.0 42
1772202925972 1.0 43
1772202955986 1.0 44
1772202986085 1.0 45
1772203015951 1.0 46
1772203046268 1.0 47
1772203076326 1.0 48
1772203106350 1.0 49
1772203112858 1.0 49
