1772205302485 0.000665 0
1772205347466 0.0013052996666666667 1
1772205368982 0.0019191993333333333 2
1772205390677 0.0018812 3
1772205412078 0.0018416 4
1772205435782 0.001802 5
1772205463677 0.0017624 6
1772205489656 0.0017228 7
1772205515827 0.0016832000000000001 8
1772205541383 0.0016436000000000003 9
1772205567050 0.0016040000000000002 10
1772205592972 0.0015644 11
1772205619547 0.0015248 12
1772205644041 0.0014852 13
1772205670618 0.0014456 14
1772205696634 0.001406 15
1772205722142 0.0013663999999999998 16
1772205748115 0.0013267999999999997 17
1772205773672 0.0012872 18
1772205799158 0.0012476 19
1772205825010 0.001208 20
1772205850381 0.0011684000000000002 21
1772205876156 0.0011288000000000001 22
1772205901524 0.0010892000000000002 23
1772205928363 0.0010496000000000001 24
1772205953891 0.00101 25
1772205979401 0.0009704 26
1772206006194 0.0009308 27
1772206032823 0.0008911999999999999 28
1772206059909 0.0008516000000000001 29
1772206087082 0.0008120000000000001 30
1772206114805 0.0007724 31
1772206141247 0.0007328 32
1772206167491 0.0006931999999999999 33
1772206193051 0.0006536 34
1772206219339 0.0006140000000000001 35
1772206245565 0.0005744000000000001 36
1772206271701 0.0005348000000000001 37
1772206297732 0.0004952 38
1772206324183 0.00045559999999999996 39
1772206369029 0.0004159999999999999 40
1772206394869 0.00037640000000000015 41
1772206419879 0.0003368000000000001 42
1772206444387 0.0002972 43
1772206470368 0.00025760000000000003 44
1772206495525 0.00021799999999999996 45
1772206520457 0.00017839999999999992 46
1772206546027 0.0001388000000000001 47
1772206571325 9.920000000000008e-05 48
1772206596301 5.9600000000000046e-05 49
