1772201444518 1.26893 0
1772201480534 0.97563 1
1772201516541 0.89057 2
1772201550419 0.83234 3
1772201588953 0.72276 4
1772201631549 0.76337 5
1772201670641 0.71927 6
1772201704614 0.6565 7
1772201738725 0.57065 8
1772201772634 0.55544 9
1772201808186 0.55486 10
1772201843005 0.47257 11
1772201877234 0.47308 12
1772201910890 0.49096 13
1772201945086 0.51366 14
1772201978771 0.45641 15
1772202012520 0.45123 16
1772202047420 0.45666 17
1772202081925 0.44427 18
1772202116006 0.38372 19
1772202150969 0.39552 20
1772202185662 0.38559 21
1772202219595 0.38215 22
1772202254457 0.36983 23
1772202288647 0.32681 24
1772202322843 0.3596 25
1772202355882 0.35402 26
1772202390796 0.34447 27
1772202425250 0.34049 28
1772202457868 0.34585 29
1772202490540 0.3714 30
1772202523273 0.35085 31
1772202555858 0.29534 32
1772202588353 0.292 33
1772202620942 0.29569 34
1772202653494 0.30083 35
1772202686126 0.27674 36
1772202720989 0.25845 37
1772202753243 0.26254 38
1772202783926 0.25326 39
1772202828038 0.273 40
1772202858276 0.25741 41
1772202888450 0.21934 42
1772202918729 0.22143 43
1772202948773 0.194 44
1772202978675 0.1913 45
1772203008806 0.18354 46
1772203038857 0.17977 47
1772203069177 0.16976 48
1772203099141 0.16006 49
