1772201444518 2.92684 0
1772201480534 1.49834 1
1772201516541 1.12052 2
1772201550419 0.89253 3
1772201588953 0.73869 4
1772201631549 0.67468 5
1772201670641 0.62146 6
1772201704614 0.57879 7
1772201738725 0.52325 8
1772201772634 0.48802 9
1772201808186 0.47339 10
1772201843005 0.42175 11
1772201877234 0.42033 12
1772201910890 0.43873 13
1772201945086 0.4345 14
1772201978771 0.40164 15
1772202012520 0.40272 16
1772202047420 0.39449 17
1772202081925 0.38146 18
1772202116006 0.34595 19
1772202150969 0.34787 20
1772202185662 0.34509 21
1772202219595 0.33978 22
1772202254457 0.32246 23
1772202288647 0.30442 24
1772202322843 0.31837 25
1772202355882 0.31441 26
1772202390796 0.30598 27
1772202425250 0.30939 28
1772202457868 0.30815 29
1772202490540 0.30925 30
1772202523273 0.3023 31
1772202555858 0.28085 32
1772202588353 0.27598 33
1772202620942 0.26714 34
1772202653494 0.27233 35
1772202686126 0.25874 36
1772202720989 0.26078 37
1772202753243 0.26935 38
1772202783926 0.25906 39
1772202828038 0.24225 40
1772202858276 0.23597 41
1772202888450 0.21364 42
1772202918729 0.21198 43
1772202948773 0.19768 44
1772202978675 0.19211 45
1772203008806 0.18649 46
1772203038857 0.18026 47
1772203069177 0.17359 48
1772203099141 0.16576 49
