1772201444518 1.08132 0
1772201480534 0.95072 1
1772201516541 0.94642 2
1772201550419 0.927 3
1772201588953 0.8934 4
1772201631549 0.8909 5
1772201670641 0.88399 6
1772201704614 0.91093 7
1772201738725 0.88195 8
1772201772634 0.87405 9
1772201808186 0.84974 10
1772201843005 0.84783 11
1772201877234 0.84517 12
1772201910890 0.84883 13
1772201945086 0.84241 14
1772201978771 0.83502 15
1772202012520 0.83175 16
1772202047420 0.84163 17
1772202081925 0.83097 18
1772202116006 0.82924 19
1772202150969 0.83263 20
1772202185662 0.82574 21
1772202219595 0.83498 22
1772202254457 0.82564 23
1772202288647 0.81762 24
1772202322843 0.8188 25
1772202355882 0.81312 26
1772202390796 0.81746 27
1772202425250 0.82148 28
1772202457868 0.82081 29
1772202490540 0.80922 30
1772202523273 0.81667 31
1772202555858 0.80884 32
1772202588353 0.81644 33
1772202620942 0.80915 34
1772202653494 0.81193 35
1772202686126 0.81884 36
1772202720989 0.81157 37
1772202753243 0.8062 38
1772202783926 0.80464 39
1772202828038 0.77764 40
1772202858276 0.76893 41
1772202888450 0.77396 42
1772202918729 0.77074 43
1772202948773 0.7699 44
1772202978675 0.76914 45
1772203008806 0.76478 46
1772203038857 0.76497 47
1772203069177 0.76044 48
1772203099141 0.76208 49
